1 2.3020818438529966
2 2.296305926799774
3 2.267916597366333
4 1.2673204730451106
5 0.4929263390749693
6 0.31728046302497387
7 0.2642238232418895
8 0.19166931311041116
9 0.15974686598358676
10 0.14102973841596395
11 0.14484053876949474
12 0.11729541718645486
13 0.10508930687478278
14 0.10922188681783154
15 0.09526428128965199
16 0.08445508559478912
17 0.08313592292543034
18 0.09272078709607012
19 0.0822649398293579
20 0.07601271659822668
21 0.07528814068189241
22 0.0632390725655714
23 0.06724282839189982
24 0.06649585152731742
25 0.0715669782772893
26 0.06398813473928021
27 0.06332521725457628
28 0.05933740665396908
29 0.0519790950982715
30 0.05377715346391779
31 0.05571808581991354
32 0.04883368102695385
33 0.05607622910075588
34 0.05745961562305456
35 0.05225504141487181
